30116.941681228243
26780.567984536134
24714.111795177425
24034.75269169724
23550.487992997572
23294.155540232066
23104.82207984478
23014.642067073506
22656.273502219865
22554.41613422733
22478.39383124314
22430.115886756623
22423.33082907224
22457.122504289808
22426.393843361246
22425.30854040686
22404.374205416607
22397.049078816974
22392.311253493266
22507.741927901094
22500.83978848776
22499.644953573756
22496.32300089238
22494.078172985624
22486.672202093636
22483.755305268252
393.73644949922056
930.6451309277439
663.6914042550715
214.7286319082048
123.07357289527079
30.83621712763916
676.6642266431162
217.21807095329027
309.5667486504796
327.04100864481813
92.01473127912813
700.7792429335485
247.078027528217
705.8889631714864
329.77901570248076
350.45047945650595
345.0943195360166
351.3600924799921
686.9571133005792
62.2593038212482
362.08987935992434
351.1586797168487
395.4431258572387
737.5494238636194
711.3225996941305
735.8932098073134
438.5610792908178
731.5174664783216
240.43527648754548
737.2585263632968
1076492.9575638135
894225.7586262366
669302.6239378458
1058004.771777083
783023.0353145633
869384.6958426868
629652.2797518016
875860.0124552252
433612.7244027593
512861.807622204
881357.6621325784
668275.7521517404
1004372.7209211732
618228.2721753119
680434.261580285
824371.7407057942
337129.2257430374
764435.2531149185
901904.1171344923
728028.1671180835
560611.1139744825
638611.351918304
849312.5115712698
949825.1747157583
492119.49905850657
929969.9567854851
1002259.2195246337
400437.9203802742
283083.1080578255
971884.7570709925
2975178.436825645
1337807.781321518
769903.2940460821
1027660.7940839088
1712940.7303172324
1648357.306752979
1635520.4717558282
752246.0155362409
1078108.0876423763
2301376.642393731
918734.7938618105
907008.7662605465
2354733.62866716
400520.57907972217
1135675.7463384217
759166.2454407226
1021965.148640332
805807.5299483023
451598.4209968526
1297218.1999115145
779395.3290362769
619649.5391415377
1068220.4006171993
2845817.8697057003
761567.2056019526
687859.3683396612
1498165.4244065585
1065444.290965234
2449126.063205045
1554587.5021744554
27952.33457221416
30872.41989669374
26969.41011673581
24821.02856488917
24134.721812795924
23863.555550269593
23555.724934890353
25782.722455239218
24490.681474315625
23812.990743284547
23405.135351718305
23160.103417436076
22927.95014778083
22762.390724754656
22677.2177286058
22596.78823507391
22575.87788354963
22518.957240309875
22428.15778672484
22388.041294772207
22361.174030819497
22336.29122229578
22324.63548589179
22303.259323994338
22296.14817146903
22286.521259017383
22284.680086438348
22281.54461453932
116.76297265212726
205.51224013688955
151.07852451203553
155.85069261635715
176.79202895727155
167.30496282300354
390.3436677198946
424.4129194918263
389.7179066803625
461.61384202095144
244.315645189189
153.229618605852
264.8039694504503
435.63204065120226
407.62059463267343
217.5653372941515
397.014505163517
410.9802228954155
251.60883939544496
439.23454494690145
241.98914057405867
419.2840324099264
429.1398530329314
423.58404100695
218.29825762270494
355.8225986838915
239.50329746207203
448.8554626170507
479.2639787860383
509.9930217279326
760686.6358079634
860500.8892832557
932423.0536739796
627164.9458844962
543069.7939359056
505812.8050675512
422313.9212699046
354589.0253000612
1045664.7711847605
892921.3008849266
1018021.5633986101
506786.5990034923
661686.1723266527
940399.3014868472
1041728.9455717803
879996.4608610034
725594.5015742244
367827.0279131887
839983.3272296678
404012.2197857929
1035009.8146968054
405276.0343352673
949598.9470587615
1074786.9052794762
850429.4889368822
1044563.8753537674
357930.18972445885
860886.1023855865
249178.3376672592
1000971.0107324792
2670047.9298016857
911181.8228938982
1525202.6280343258
1103559.1173549218
2261831.8673833734
1396364.5508721764
1957863.5868185225
2131895.192130467
1741841.3826384551
1241185.9888984384
1925562.7046919365
862471.0253952654
900735.39856892
1035581.812637115
2396860.3595085326
2440720.1245132326
1739776.3923329064
1759335.2501890718
1198200.9522458601
804864.2255906402
1498646.4015265242
1008191.9804780356
1186158.1947296888
812834.034183712
1865698.5146921407
913615.3717086671
1527675.3491870018
674231.4811771932
854655.5554318344
1087078.8097074132
28732.19932184141
25923.218076688463
24417.48441135322
23680.482640032613
23381.155075138267
22978.949194761226
22802.959938547214
22648.695945080537
22524.943123086232
22445.332372338613
22335.480372208014
22234.82161712791
22201.231843362963
22139.27223951653
22095.569183085532
22065.7592016811
22055.544031183486
22040.505590117886
22030.73074290904
22017.330351764555
22007.07204901104
21998.529268173865
21991.394094068575
21982.674162364514
21974.92025053206
21974.923848302526
21965.756859814388
21964.982334760974
134.50412006200446
246.8050434535308
189.50550367901323
44.592657229242185
139.08547098388672
345.69366861885993
145.98564978340275
175.41468928156544
79.71031617025044
178.81738313487423
214.60683397497402
95.6091666450055
201.88744865817063
391.8716359102174
143.56178828255864
143.5069160531175
105.22305185088041
139.1890924456789
211.74595972863736
216.39654119683127
421.97157808091686
176.84749643897524
113.95209688344845
150.71275822500428
346.1964186902605
406.9370580679359
251.19832213412022
449.3280352433258
412.7131257635156
402.69740135822315
484630.3464434492
385732.11110597366
967108.6929137299
433285.3044692557
830352.5760960979
718718.8640289088
914478.5920332395
923347.6733238525
752007.6449024015
820622.5939008942
533903.8454156487
734978.5869838743
650018.2669358575
1018250.7330045016
896961.0850493775
1015744.4227741895
1010504.956953896
826081.5914991121
915169.6967300528
455744.16190547886
629850.1849768738
793409.1510557533
1062328.3092248735
900456.9499495204
781054.0655642702
557001.8165987706
545609.6118262975
448908.6588421816
1025413.4008298743
1074628.4999181405
2957341.0877225776
857707.7417028637
1016063.2837318936
818634.4740281454
749679.9702648456
863883.658865271
792418.3866898146
1793819.6664637236
685323.8982526191
681952.4338136878
509746.43930437264
1279308.9524013083
1024686.0866965877
862256.4169444294
1324830.2880464552
1643164.91869576
734658.814987814
1047833.0329394792
1061651.2130413693
717323.0423323513
728090.3390437235
963931.0961197515
713626.0894328711
1219161.6427897979
928053.978195189
910419.6700185167
587066.1238353702
722383.7101263267
706630.3351596403
1481071.6908388564
30876.983231725502
27315.952066070182
25892.057421016216
25112.125105752322
24490.917445133706
24224.100174002782
24056.66671589219
23995.828856105534
23886.22728294152
23784.46548305984
23698.296822927343
23684.23069275269
23651.787196928282
23604.93627371225
23568.500365341966
23539.223835817025
23527.66028671928
23518.624954005616
23513.667054119313
23510.402200131015
23505.788725938775
23488.140341462193
23483.104310752373
23478.83778477911
23477.83293146602
23476.068237897824
23475.4130465778
23474.746286330967
23472.06449484169
23465.9266080116
132.34901066100008
262.4942592386244
116.80650644938129
149.78049606654906
109.60047705743378
150.46403631079284
140.9007569488798
158.60465121282525
171.5144034887743
500.5328575578739
428.79479084181946
421.0957214217556
141.2679577890038
304.7697466104926
205.300710852065
341.08829234795377
354.7349676747168
229.57399137014184
240.61961431344318
316.72584138132754
453.70379787328255
435.6617664683356
426.60360733419355
442.3639680918846
501.5057535790646
217.66691710679285
464.5341742459869
344.6250871687278
467.13897917158585
477.2241880801598
908148.3608529043
577044.0970006435
771185.221272079
991717.1282907425
676496.3644077693
1008647.983189884
863168.2072449027
803954.1203438625
976750.7285652257
916521.3775099006
990078.3054932853
709566.9004868561
936351.7048832816
414978.52747124503
980920.0471745746
606891.0344379115
488626.49593658006
975941.4596250217
790948.1308738041
1051355.5711768554
1062615.5902601904
740265.7733848164
977585.3084245009
986498.6496329659
966999.9980711442
817863.8823927337
861063.925951527
863727.743069341
794782.7329543239
1072039.9051569426
2155301.0962569527
715745.4975375497
1345007.6366709622
1994547.1435111833
864814.6144978871
845645.9019695506
1104923.2527646392
993605.8714842108
1163291.294172062
1141764.4650097257
980349.8671801911
2846892.4071819764
383361.41036885994
1696050.018741678
1754932.677509932
1108548.7621111877
773271.9925646209
1174122.7970154444
747506.4198760099
886277.578861722
1259074.968389957
1972485.9464637027
1688254.4927662471
1451421.3496927957
2810220.6118378397
2963241.157694029
1562814.2021998689
1355508.2324466803
1739084.563594543
1255017.2773864625
30269.009634308593
26927.29897456336
25225.65167775977
24390.367409736
23867.90024911808
23562.802952009923
23259.778399846502
23058.03264942151
22921.5493100054
22840.87964690954
22754.918218630643
22702.780081310724
22617.44442965892
22615.06599835378
22581.372176051264
22551.169053937512
22561.354592830106
22556.77687518506
22534.705397982165
22482.24591904029
22474.976665553433
22471.821374959734
22473.347397024067
22472.101352626545
22470.180570237328
22480.111114690422
22478.473588330056
22477.196606241025
22475.847776005445
22475.66372369534
272.9700673664115
284.877407174359
196.65499704714972
109.26345992851432
22.445573607717744
214.01979293853833
120.68296657995414
33.72711490643382
35.180398584874865
33.73745449829901
44.459840311810034
48.16864555072779
51.9449032365482
49.67167722056085
43.5151445292553
42.44993843929053
76.97236686622199
80.47588740142281
24.245811898934768
87.50249651914592
86.74313830738012
78.19144387415714
91.7644549825405
79.8554643100873
88.56951207266458
167.63068050971668
76.86602559881405
86.59028878979177
49.633601364716654
201.93178081427234
798277.9220169225
747816.6984258587
772308.9736956988
999175.1519289847
838199.2711906101
727455.1106362682
1065160.8966598755
1048025.3125051373
274826.6716698372
1039747.7012342621
1084567.6952502995
1083693.4851013906
685134.6748613545
530181.4866330312
915840.7499043547
643678.7653891708
634143.7726902658
988894.5592548456
696884.1546951319
723393.8411273905
783136.3724485344
979614.0314797517
689185.6305642197
1035710.1978525515
849908.3504384957
897709.1425869565
754659.795114715
819416.4590834391
846696.4630651118
776050.3151226797
2941785.3980834824
1536915.503137369
1281409.6112623925
713412.5351998571
1075888.416167878
982526.5699090734
507483.507919445
937352.3497169925
1313410.9887899954
1108548.5127339563
1160866.475424015
1109844.2472039755
1080571.7897138803
2457217.5004307036
2697086.951047045
1095080.397781942
1044822.2608864381
1185990.1756588544
1934315.7678375666
1019372.2604712433
1082062.2160817974
676875.8981252294
677199.365441926
1369383.0325693921
1987281.796400179
886998.1257398415
1456628.8112829602
1380117.5637292657
1711988.4060133486
1117504.2321162135
29476.044684562545
26664.65425258119
25227.813076464896
24162.145323050278
23587.688791021512
23329.35576056909
23196.712910829396
23032.16075744518
22946.828911228808
22857.61991349007
22785.248937232827
22747.765904124433
22709.79736606964
22677.4423128352
22641.424005264576
22616.495272218617
22609.678330912582
22597.859916722497
22591.837206685275
29769.773632014796
26805.366546818732
25006.890473401032
24313.63772778842
23946.681012905807
23685.27392951858
23548.12485970094
23442.792740885747
23353.20357722693
23293.229075116757
23239.36122770648
23168.26174325604
23106.94334826514
23090.432995163985
23057.846916115872
23037.633415028293
23004.491987739046
22989.18451421648
22983.963572798148
22978.26934796943
22975.460000262476
22972.663886313596
22969.286720587104
22967.417864879088
22966.283502676943
22965.420627503878
22964.892760729585
22964.62865283025
22964.57830225278
22963.93747397018
233.9932332737711
779.1953243942268
160.63049094734203
221.0681756076321
142.69899854051818
349.9461085523917
248.1605031420736
421.4879330763658
301.78409488089903
367.9920386980526
145.40116780851665
151.89373962159536
219.13363062166587
126.83123817171446
578.4315095627679
376.0386180409039
457.03940343250133
217.2384828165099
162.44323270615246
395.5532841709803
866.5931457727431
314.978871502217
389.6362493156225
888.7052575372193
364.4905488598181
357.5767122610269
564.183107898254
568.653251885654
892.0921203292019
880.6589469189965
947659.7902568791
130539.9018855214
838918.270763701
901735.0629500403
1064051.458364917
720460.1321985995
954982.8657471611
908193.6989741377
805583.3935245537
367840.18928101537
488680.0532686753
314691.04113155755
402697.0847428922
1041334.4610753554
1073443.3478544243
405667.7564861475
453817.44225306134
896111.7274898649
349255.9371981598
171565.28892805392
346171.0856780887
1016636.4275598085
330932.4607954004
566239.2533896337
370755.3795279983
1042017.0476796806
1045538.5231102102
590190.0470269491
1014612.5705089545
868004.0927281296
2981309.512194733
1678422.8748688214
902291.7069604902
724843.7489348707
2101008.0177678512
733804.4071061303
807013.071539288
2300717.3207713403
838322.8260126148
739231.6229896981
1259910.7599205845
1606891.5704557777
818964.9167228969
1436575.201340232
772185.9751022859
1607040.6047110518
1608887.6814989583
813396.021688998
1305332.5091052034
1146332.981382804
2028211.6758158815
840492.271288842
812403.7686779399
1757287.3181324066
2274346.212068149
715244.0861005548
1649202.551352611
1550654.0974545963
2464921.797822138
2462807.3703188486
29222.607085426484
30191.901675928904
