grund-truth
10,2,1000,9,14
10,2,1000,9,2
100,2,1000,9,3
100,2,1000,9,2
1000,2,1000,9,6
1000,2,1000,9,2
grund-truth
10,2,1000,10,15
10,2,1000,10,2
100,2,1000,10,7
100,2,1000,10,2
1000,2,1000,10,6
1000,2,1000,10,2
grund-truth
10,2,1000,9,15
100,2,1000,9,2
1000,2,1000,9,6
grund-truth
10,2,1000,10,1.68,0.010554425427176429,0.015014574364808703,14
100,2,1000,10,1.68,0.010554425427176429,0.015014574364808703,10
1000,2,1000,10,1.68,0.010554425427176429,0.015014574364808703,6
grund-truth
10,2,1000,10,1.6199999999999999,0.0110,0.0153,13
100,2,1000,10,1.6199999999999999,0.0110,0.0153,7
1000,2,1000,10,1.6199999999999999,0.0110,0.0153,13
grund-truth
10,2,1000,10,1.6800,0.0107,0.0150,13
100,2,1000,10,1.6800,0.0107,0.0150,14
1000,2,1000,10,1.6800,0.0107,0.0150,6
grund-truth
10,2,1000,10,1.6200,0.0110,0.0153,14
100,2,1000,10,1.6200,0.0110,0.0153,7
1000,2,1000,10,1.6200,0.0110,0.0153,13
grund-truth
10,2,1000,10,1.6500,0.0109,0.0151,13
100,2,1000,10,1.6500,0.0109,0.0151,10
1000,2,1000,10,1.6500,0.0109,0.0151,6
grund-truth
10,2,1000,9,1.5900,0.0112,0.0154,13
100,2,1000,9,1.5900,0.0112,0.0154,7
1000,2,1000,9,1.5900,0.0112,0.0154,6
grund-truth
10,2,1000,11,0.9000,0.0652,0.0760,14
100,2,1000,11,0.9000,0.0652,0.0760,14
1000,2,1000,11,0.9000,0.0652,0.0760,6
grund-truth
10,2,1000,2.2,0.9300,0.0631,0.0755,14
100,2,1000,2.2,0.9300,0.0631,0.0755,14
1000,2,1000,2.2,0.9300,0.0631,0.0755,6
grund-truth
10,2,1000,2.2,0.8700,0.0680,0.0767,14
100,2,1000,2.2,0.8700,0.0680,0.0767,7
1000,2,1000,2.2,0.8700,0.0680,0.0767,6
grund-truth
10,2,1000,2.0,0.0300,ý,ý,15
100,2,1000,2.0,0.0300,ý,ý,15
1000,2,1000,2.0,0.0300,ý,ý,7
grund-truth
10,2,1000,2.2,1.6500,0.0456,0.0405,7
100,2,1000,2.2,1.6500,0.0456,0.0405,6
1000,2,1000,2.2,1.6500,0.0456,0.0405,6
grund-truth
10,2,1000,1.4,1.5600,0.0412,0.0175,13
100,2,1000,1.4,1.5600,0.0412,0.0175,6
1000,2,1000,1.4,1.5600,0.0412,0.0175,6
grund-truth
10,2,1000,2.2,1.5600,0.0762,0.1080,7
100,2,1000,2.2,1.5600,0.0762,0.1080,6
1000,2,1000,2.2,1.5600,0.0762,0.1080,6
grund-truth
10,2,1000,2.0,0.0300,ý,ý,15
100,2,1000,2.0,0.0300,ý,ý,15
1000,2,1000,2.0,0.0300,ý,ý,11
grund-truth
10,2,1000,1.8,1.6800,0.0103,0.0150,13
100,2,1000,1.8,1.6800,0.0103,0.0150,7
1000,2,1000,1.8,1.6800,0.0103,0.0150,6
grund-truth
10,2,1000,1.8,1.7100,0.0102,0.0150,13
100,2,1000,1.8,1.7100,0.0102,0.0150,14
1000,2,1000,1.8,1.7100,0.0102,0.0150,13
grund-truth
10,2,1000,1.8,1.6200,0.0110,0.0152,13
100,2,1000,1.8,1.6200,0.0110,0.0152,6
1000,2,1000,1.8,1.6200,0.0110,0.0152,6
grund-truth
10,2,1000,1.8,1.6200,0.0109,0.0152,14
100,2,1000,1.8,1.6200,0.0109,0.0152,7
1000,2,1000,1.8,1.6200,0.0109,0.0152,6
grund-truth
10,2,1000,2.0,1.6800,0.0107,0.0150,15
100,2,1000,2.0,1.6800,0.0107,0.0150,10
1000,2,1000,2.0,1.6800,0.0107,0.0150,13
grund-truth
10,2,1000,1.8,1.6200,0.0110,0.0152,14
100,2,1000,1.8,1.6200,0.0110,0.0152,14
1000,2,1000,1.8,1.6200,0.0110,0.0152,6
grund-truth
10,2,1000,1.4,1.5000,0.0447,0.0190,11
100,2,1000,1.4,1.5000,0.0447,0.0190,6
1000,2,1000,1.4,1.5000,0.0447,0.0190,6
grund-truth
10,2,1000,2.6,1.1400,0.0181,0.0424,14
100,2,1000,2.6,1.1400,0.0181,0.0424,14
1000,2,1000,2.6,1.1400,0.0181,0.0424,6
grund-truth
10,2,1000,2.2,1.2300,0.0223,0.0514,14
100,2,1000,2.2,1.2300,0.0223,0.0514,13
1000,2,1000,2.2,1.2300,0.0223,0.0514,6
grund-truth
10,2,1000,1.8,1.4400,0.0152,0.0608,13
100,2,1000,1.8,1.4400,0.0152,0.0608,6
1000,2,1000,1.8,1.4400,0.0152,0.0608,6
grund-truth
10,2,1000,1.8,1.6200,0.1012,0.0680,13
100,2,1000,1.8,1.6200,0.1012,0.0680,3
1000,2,1000,1.8,1.6200,0.1012,0.0680,15
grund-truth
10,2,1000,2.2,1.1700,0.0012,0.0010,14
100,2,1000,2.2,1.1700,0.0012,0.0010,7
1000,2,1000,2.2,1.1700,0.0012,0.0010,6
grund-truth
10,2,1000,2.0,1.1100,0.0414,0.0807,13
100,2,1000,2.0,1.1100,0.0414,0.0807,13
1000,2,1000,2.0,1.1100,0.0414,0.0807,13
grund-truth
10,2,1000,2.0,1.6200,0.0110,0.0153,13
100,2,1000,2.0,1.6200,0.0110,0.0153,11
1000,2,1000,2.0,1.6200,0.0110,0.0153,13
grund-truth
10,2,1000,1.8,1.6500,0.0108,0.0151,15
100,2,1000,1.8,1.6500,0.0108,0.0151,15
1000,2,1000,1.8,1.6500,0.0108,0.0151,15
{13=0.001444507, 14=0.001977059, 15=0.0021193889999999993, 7=0.003653581999999997, 12=0.003717551999999999, 8=0.003856402000000002, 4=0.003925186999999999, 11=0.00410144, 9=0.004293842000000001, 10=0.004471170000000003, 3=0.004864651, 2=0.005235426999999998, 6=0.005344475, 5=0.005861947, 1=0.006802153000000003, 0=0.006916182999999999}{3=0.0108351, 6=0.014056967, 11=0.020363488, 10=0.02189484000000001, 14=0.023438983000000007, 8=0.02473883299999999, 13=0.025126812000000012, 5=0.026456335999999997, 7=0.028742455000000007, 12=0.028857982999999993, 2=0.032562126999999996, 0=0.03423663299999999, 4=0.03471859500000001, 1=0.03840619500000002, 9=0.065794507, 15=0.06854899099999993}{14=0.028463717, 15=0.029179378, 11=0.032404504, 8=0.03245106, 7=0.034863168, 10=0.039289327, 6=0.044526028, 5=0.054054569000000004, 13=0.055524419, 0=0.108981177, 3=0.122995703, 12=0.138956033, 4=0.241836826, 2=0.24263943100000002, 9=0.251620403, 1=0.305000792}grund-truth
10,2,1000,2.0,1.6500,0.0109,0.0151,13
100,2,1000,2.0,1.6500,0.0109,0.0151,3
1000,2,1000,2.0,1.6500,0.0109,0.0151,14
[15, 14, 13, 11, 10, 7, 8, 12, 4, 9, 3, 2, 5, 6, 0, 1][6, 7, 8, 14, 3, 10, 11, 13, 0, 5, 4, 2, 12, 1, 9, 15][6, 11, 14, 15, 10, 5, 13, 12, 0, 7, 3, 8, 9, 4, 2, 1]grund-truth
10,2,1000,1.8,1.6200,0.0109,0.0152,15
100,2,1000,1.8,1.6200,0.0109,0.0152,6
1000,2,1000,1.8,1.6200,0.0109,0.0152,6
grund-truth
10,2,1000,2.0,1.6500,0.0110,0.0151,[13, 15, 14, 12, 11, 10, 9, 7, 8, 3, 2, 4, 6, 5, 1, 0]
100,2,1000,2.0,1.6500,0.0110,0.0151,[3, 6, 7, 2, 14, 4, 8, 13, 10, 11, 12, 0, 5, 1, 9, 15]
1000,2,1000,2.0,1.6500,0.0110,0.0151,[11, 14, 15, 6, 5, 13, 0, 12, 3, 7, 8, 10, 2, 4, 1, 9]
grund-truth
10,2,1000,2.0,1.6500,0.0109,0.0151,[14, 15, 13, 11, 3, 5, 12, 10, 2, 6, 7, 0, 4, 1, 8, 9]
100,2,1000,2.0,1.6500,0.0109,0.0151,[6, 7, 8, 11, 14, 10, 3, 2, 0, 12, 4, 13, 15, 1, 5, 9]
1000,2,1000,2.0,1.6500,0.0109,0.0151,[6, 14, 15, 11, 13, 5, 2, 0, 12, 1, 8, 3, 7, 10, 4, 9]
grund-truth
10,2,1000,2.0,1.6800,0.0107,0.0150,13, 14, 15, 11, 12, 8, 7, 9, 3
100,2,1000,2.0,1.6800,0.0107,0.0150,6, 11, 7, 8, 10, 3, 2, 4, 14, 
1000,2,1000,2.0,1.6800,0.0107,0.0150,6, 15, 14, 11, 5, 13, 10, 0, 1
grund-truth
10,2,1000,2.0,1.6800,0.0107,0.0150,13, 15, 14, 11, 12, 7, 8, 9, 1
100,2,1000,2.0,1.6800,0.0107,0.0150,6, 7, 3, 8, 2, 11, 14, 13, 10,
1000,2,1000,2.0,1.6800,0.0107,0.0150,6, 14, 11, 15, 13, 5, 0, 8, 12
grund-truth
10,2,1000,2.0,1.7100,0.0105,0.0149,3, 15, 14, 11, 12, 10, 7, 8, 
100,2,1000,2.0,1.7100,0.0105,0.0149,1, 3, 6, 7, 8, 14, 10, 2, 4, 
1000,2,1000,2.0,1.7100,0.0105,0.0149,4, 15, 11, 10, 8, 13, 5, 6, 0
grund-truth
10,2,1000,2.0,1.6200,0.0111,0.0153,13,15,14,11,8,7,10,12,9,4,3,2,6,0,1,5,
100,2,1000,2.0,1.6200,0.0111,0.0153,6,7,3,2,8,14,4,13,10,0,12,11,1,5,15,9,
1000,2,1000,2.0,1.6200,0.0111,0.0153,15,14,8,11,6,10,13,5,0,7,3,12,9,2,4,1,
grund-truth
Spatial,10,2,1000,1.8,1.5900,0.0112,0.0154,14,15,13,11,12,7,9,8,3,5,2,6,10,0,1,4,
Spatial,100,2,1000,1.8,1.5900,0.0112,0.0154,6,7,3,13,8,14,2,0,4,11,10,1,12,5,15,9,
Spatial,1000,2,1000,1.8,1.5900,0.0112,0.0154,6,14,15,11,5,13,0,8,12,7,3,10,2,4,1,9,
grund-truth
Spatial,10,2,1000,1.8,1.7100,0.0101,0.0149,13,14,15,11,9,3,6,12,8,2,7,5,0,1,4,10,
Spatial,100,2,1000,1.8,1.7100,0.0101,0.0149,11,7,14,6,8,13,10,3,2,0,15,12,4,5,1,9,
Spatial,1000,2,1000,1.8,1.7100,0.0101,0.0149,6,15,14,5,7,11,13,8,2,1,3,10,4,12,0,9,
grund-truth
USCensus,10,2,1000,2.0,1.0800,0.0449,0.0894,14,13,15,11,12,7,10,3,8,9,2,6,4,0,1,5,
USCensus,100,2,1000,2.0,1.0800,0.0449,0.0894,13,6,7,14,15,11,8,10,3,5,2,4,0,12,9,1,
USCensus,1000,2,1000,2.0,1.0800,0.0449,0.0894,6,15,13,14,11,5,7,10,8,4,0,2,12,9,3,1,
grund-truth
Spatial,10,2,1000,2.0,1.6500,0.0108,0.0151,15,14,13,11,7,8,9,12,10,3,2,0,5,1,4,6,
Spatial,100,2,1000,2.0,1.6500,0.0108,0.0151,7,8,10,6,3,4,14,2,13,0,5,11,1,12,9,15,
Spatial,1000,2,1000,2.0,1.6500,0.0108,0.0151,6,14,11,15,10,13,5,0,12,8,7,3,2,4,1,9,
grund-truth
Spatial,10,2,5000,2.0,1.6620,0.0093,0.0147,15,14,13,6,3,2,7,1,9,8,5,4,11,10,12,0,
Spatial,100,2,5000,2.0,1.6620,0.0093,0.0147,13,15,14,6,11,7,10,12,8,3,2,1,9,5,4,0,
Spatial,1000,2,5000,2.0,1.6620,0.0093,0.0147,6,13,0,11,15,14,7,10,8,2,5,4,1,12,9,3,
grund-truth
Spatial,10,2,10000,2.0,1.7280,0.0064,0.0112,13,15,14,6,3,0,5,2,1,7,11,4,8,9,12,10,
Spatial,100,2,10000,2.0,1.7280,0.0064,0.0112,13,6,14,15,0,7,11,8,10,3,12,2,5,9,4,1,
Spatial,1000,2,10000,2.0,1.7280,0.0064,0.0112,6,13,0,7,11,8,15,14,5,10,2,12,4,1,9,3,
grund-truth
Spatial,10,2,50000,1.9,1.5978,0.0046,0.0049,13,14,15,6,3,0,2,11,9,1,4,8,7,10,12,5,
Spatial,100,2,50000,1.9,1.5978,0.0046,0.0049,13,6,14,15,0,11,7,8,3,10,12,5,2,4,9,1,
Spatial,1000,2,50000,1.9,1.5978,0.0046,0.0049,6,13,0,14,15,11,7,8,10,12,2,4,5,9,1,3,
grund-truth
Spatial,10,2,1000,2.0,1.6800,0.0107,0.0150,15,14,13,11,12,7,8,9,3,5,2,10,6,0,4,1,
Spatial,100,2,1000,2.0,1.6800,0.0107,0.0150,6,7,11,10,8,14,3,2,0,13,4,12,1,5,15,9,
Spatial,1000,2,1000,2.0,1.6800,0.0107,0.0150,6,11,8,14,10,5,15,13,7,3,12,0,9,2,4,1,
grund-truth
Spatial,10,2,5000,2.0,1.7040,0.0093,0.0172,14,13,15,6,3,5,7,2,9,11,4,8,10,1,12,0,
Spatial,100,2,5000,2.0,1.7040,0.0093,0.0172,6,15,14,11,7,13,8,12,5,10,3,9,4,2,1,0,
Spatial,1000,2,5000,2.0,1.7040,0.0093,0.0172,6,13,11,7,14,15,8,10,2,5,12,1,4,0,9,3,
grund-truth
Spatial,10,2,10000,1.875,1.7070,0.0065,0.0096,13,15,14,6,3,2,7,11,9,5,4,8,10,0,12,1,
Spatial,100,2,10000,1.875,1.7070,0.0065,0.0096,13,15,14,6,11,7,10,12,8,2,3,0,4,9,5,1,
Spatial,1000,2,10000,1.875,1.7070,0.0065,0.0096,6,13,11,14,0,7,15,8,10,5,12,2,4,1,9,3,
grund-truth
Spatial,10,2,50000,1.9,1.6176,0.0045,0.0048,13,14,15,6,3,11,12,10,2,0,9,1,7,8,4,5,
Spatial,100,2,50000,1.9,1.6176,0.0045,0.0048,13,15,14,6,11,7,8,10,0,12,3,2,9,4,1,5,
Spatial,1000,2,50000,1.9,1.6176,0.0045,0.0048,6,13,15,14,0,7,11,8,10,12,2,5,9,1,4,3,
grund-truth
Spatial,10,2,1000,1.8,1.5900,0.0112,0.0154,13,14,15,8,11,9,7,3,12,2,5,10,4,0,1,6,
Spatial,100,2,1000,1.8,1.5900,0.0112,0.0154,7,8,10,14,2,11,3,12,1,4,6,0,13,5,15,9,
Spatial,1000,2,1000,1.8,1.5900,0.0112,0.0154,13,6,5,14,11,8,15,10,7,3,0,2,4,1,9,12,
grund-truth
Spatial,10,2,5000,2.0,1.6920,0.0097,0.0186,13,14,15,11,10,0,8,9,7,3,12,4,2,1,5,6,
Spatial,100,2,5000,2.0,1.6920,0.0097,0.0186,14,7,10,8,12,13,11,2,15,3,6,9,0,4,1,5,
Spatial,1000,2,5000,2.0,1.6920,0.0097,0.0186,6,14,7,11,8,10,13,2,0,4,12,1,15,5,3,9,
grund-truth
Spatial,10,2,10000,1.875,1.7160,0.0064,0.0110,13,14,15,3,2,0,4,9,11,10,1,12,8,7,5,6,
Spatial,100,2,10000,1.875,1.7160,0.0064,0.0110,14,10,7,13,11,8,12,15,2,3,9,0,1,4,6,5,
Spatial,1000,2,10000,1.875,1.7160,0.0064,0.0110,6,14,7,10,11,8,2,13,0,1,12,4,9,15,5,3,
grund-truth
Spatial,10,2,50000,1.9,1.6044,0.0046,0.0048,13,15,14,9,12,2,3,11,10,7,8,4,6,1,0,5,
Spatial,100,2,50000,1.9,1.6044,0.0046,0.0048,14,13,12,7,11,10,15,8,2,6,3,9,4,0,1,5,
Spatial,1000,2,50000,1.9,1.6044,0.0046,0.0048,14,7,11,10,8,6,12,13,2,0,4,9,1,15,3,5,
grund-truth
Spatial,10,2,100000,1.8181819,1.6113,0.0038,0.0036,13,15,14,2,3,1,0,7,11,4,10,8,9,12,6,5,
Spatial,100,2,100000,1.8181819,1.6113,0.0038,0.0036,14,13,12,7,11,10,8,15,6,2,9,3,0,4,1,5,
Spatial,1000,2,100000,1.8181819,1.6113,0.0038,0.0036,14,7,11,10,12,6,8,13,2,0,15,9,4,1,3,5,
grund-truth
Spatial,10,2,1000,2.0,1.6200,0.0110,0.0154,14,15,13,11,12,10,9,8,3,7,4,6,2,0,1,5,
Spatial,100,2,1000,2.0,1.6200,0.0110,0.0154,10,7,3,14,8,6,11,12,2,4,13,1,9,0,15,5,
Spatial,1000,2,1000,2.0,1.6200,0.0110,0.0154,14,11,15,6,5,13,0,3,12,8,7,10,2,4,1,9,
grund-truth
Spatial,10,2,5000,2.0,1.6860,0.0098,0.0155,15,13,14,6,7,8,10,4,9,11,1,3,2,12,5,0,
Spatial,100,2,5000,2.0,1.6860,0.0098,0.0155,14,7,8,6,2,12,10,11,13,3,15,4,9,1,0,5,
Spatial,1000,2,5000,2.0,1.6860,0.0098,0.0155,6,14,7,8,10,11,13,2,4,1,0,15,12,5,9,3,
grund-truth
Spatial,10,2,10000,1.875,1.6740,0.0066,0.0101,13,14,15,2,6,3,0,10,11,9,12,1,7,8,4,5,
Spatial,100,2,10000,1.875,1.6740,0.0066,0.0101,14,7,10,12,8,6,11,13,15,2,3,0,9,4,1,5,
Spatial,1000,2,10000,1.875,1.6740,0.0066,0.0101,14,6,10,11,7,8,13,2,12,0,4,15,1,9,5,3,
grund-truth
Spatial,10,2,50000,1.9,1.6002,0.0046,0.0050,13,15,14,3,2,6,9,10,4,11,8,7,12,1,0,5,
Spatial,100,2,50000,1.9,1.6002,0.0046,0.0050,14,13,15,12,10,11,7,6,8,2,3,9,4,0,1,5,
Spatial,1000,2,50000,1.9,1.6002,0.0046,0.0050,14,11,10,7,6,8,12,2,0,9,4,1,13,15,5,3,
grund-truth
Spatial,10,2,100000,1.9090909,1.5891,0.0038,0.0035,13,15,14,11,9,10,12,3,2,6,0,7,1,4,8,5,
Spatial,100,2,100000,1.9090909,1.5891,0.0038,0.0035,14,13,15,7,11,10,6,12,8,2,3,0,4,9,1,5,
Spatial,1000,2,100000,1.9090909,1.5891,0.0038,0.0035,14,11,10,7,13,12,6,8,15,2,0,9,4,1,3,5,
grund-truth
Spatial,10,2,1000,1.8,1.6500,0.0105,0.0151,14,13,15,11,7,8,10,12,9,3,6,4,2,5,0,1,
Spatial,100,2,1000,1.8,1.6500,0.0105,0.0151,6,14,7,8,13,4,3,12,10,11,2,15,1,0,5,9,
Spatial,1000,2,1000,1.8,1.6500,0.0105,0.0151,15,14,6,7,8,13,11,10,0,3,4,5,12,9,1,2,
grund-truth
Spatial,10,2,5000,2.0,1.6980,0.0095,0.0153,14,13,15,6,2,9,7,10,11,3,8,12,4,1,5,0,
Spatial,100,2,5000,2.0,1.6980,0.0095,0.0153,14,13,6,7,10,8,2,12,11,15,3,4,1,9,5,0,
Spatial,1000,2,5000,2.0,1.6980,0.0095,0.0153,6,14,13,10,11,7,8,15,12,2,4,1,0,9,5,3,
grund-truth
Spatial,10,2,10000,1.875,1.7130,0.0064,0.0110,13,14,15,3,6,2,0,7,4,10,8,12,11,9,1,5,
Spatial,100,2,10000,1.875,1.7130,0.0064,0.0110,14,6,11,7,8,10,12,13,3,2,15,0,4,9,1,5,
Spatial,1000,2,10000,1.875,1.7130,0.0064,0.0110,6,14,7,11,10,8,13,2,0,12,4,1,9,15,5,3,
grund-truth
Spatial,10,2,50000,1.9,1.6194,0.0046,0.0047,13,15,14,6,3,7,10,11,9,4,8,0,2,12,1,5,
Spatial,100,2,50000,1.9,1.6194,0.0046,0.0047,14,13,11,7,10,15,6,12,8,3,2,9,0,4,1,5,
Spatial,1000,2,50000,1.9,1.6194,0.0046,0.0047,14,11,10,7,6,8,13,12,2,15,9,0,4,1,3,5,
grund-truth
Spatial,10,2,100000,1.9090909,1.5906,0.0038,0.0035,13,15,14,6,3,9,10,7,11,0,2,8,12,4,1,5,
Spatial,100,2,100000,1.9090909,1.5906,0.0038,0.0035,14,13,15,11,12,10,6,7,8,9,3,2,0,4,1,5,
Spatial,1000,2,100000,1.9090909,1.5906,0.0038,0.0035,14,11,7,10,6,8,12,13,2,15,9,0,4,1,3,5,
grund-truth
Shuttle,10,2,1000,2.6,1.3800,0.0010,0.0010,13,7,10,14,11,12,9,4,8,15,2,3,6,0,5,1,
Shuttle,100,2,1000,2.6,1.3800,0.0010,0.0010,7,6,8,13,3,2,14,4,10,0,11,12,1,15,5,9,
Shuttle,1000,2,1000,2.6,1.3800,0.0010,0.0010,13,6,5,15,14,0,8,11,7,10,3,12,2,4,1,9,
grund-truth
Shuttle,10,2,5000,2.4285715,0.4560,0.0058,0.0345,3,6,13,5,14,0,2,10,11,4,9,12,7,8,1,15,
Shuttle,100,2,5000,2.4285715,0.4560,0.0058,0.0345,6,3,14,11,13,12,5,7,8,10,2,0,15,4,9,1,
Shuttle,1000,2,5000,2.4285715,0.4560,0.0058,0.0345,6,15,11,14,7,8,10,5,12,13,2,4,9,0,1,3,
grund-truth
Shuttle,10,2,10000,2.375,0.2790,0.0073,0.0454,14,13,1,2,10,11,9,7,8,4,15,0,12,6,5,3,
Shuttle,100,2,10000,2.375,0.2790,0.0073,0.0454,14,13,7,11,15,12,8,10,6,2,9,4,1,0,3,5,
Shuttle,1000,2,10000,2.375,0.2790,0.0073,0.0454,6,13,14,15,7,11,8,10,0,5,12,2,4,9,1,3,
grund-truth
KeggUndirect,10,2,1000,2.0,1.2600,0.0216,0.0507,14,8,7,13,2,11,10,4,15,12,9,3,0,5,6,1,
KeggUndirect,100,2,1000,2.0,1.2600,0.0216,0.0507,6,13,3,14,2,11,15,7,5,8,10,12,0,4,1,9,
KeggUndirect,1000,2,1000,2.0,1.2600,0.0216,0.0507,6,14,15,11,13,10,5,0,12,8,7,9,2,3,4,1,
grund-truth
KeggUndirect,10,2,5000,1.8571428,0.5340,0.0125,0.0363,13,15,14,3,6,2,7,8,5,11,10,4,9,12,1,0,
KeggUndirect,100,2,5000,1.8571428,0.5340,0.0125,0.0363,14,15,13,7,6,11,10,8,12,3,9,2,4,5,1,0,
KeggUndirect,1000,2,5000,1.8571428,0.5340,0.0125,0.0363,13,14,15,11,7,8,6,10,5,4,9,2,12,0,3,1,
grund-truth
KeggUndirect,10,2,10000,1.75,0.3480,0.0091,0.0313,13,14,15,0,3,1,6,2,4,11,7,9,8,10,12,5,
KeggUndirect,100,2,10000,1.75,0.3480,0.0091,0.0313,14,13,15,6,7,11,8,12,10,2,0,3,4,9,1,5,
KeggUndirect,1000,2,10000,1.75,0.3480,0.0091,0.0313,13,15,14,6,0,11,7,8,10,5,12,2,4,9,1,3,
grund-truth
KeggUndirect,10,2,50000,1.6,0.1128,0.0070,0.0395,13,14,15,6,0,3,2,7,9,11,8,1,12,4,10,5,
KeggUndirect,100,2,50000,1.6,0.1128,0.0070,0.0395,14,13,15,6,11,7,8,12,10,2,9,3,4,0,1,5,
KeggUndirect,1000,2,50000,1.6,0.1128,0.0070,0.0395,13,15,14,6,0,11,7,8,10,5,12,2,9,4,1,3,
grund-truth
KeggDirected,10,10,1000,3.0,1.1700,0.0220,0.0536,14,1,13,12,6,11,10,3,9,5,4,7,2,0,8,15,
KeggDirected,100,10,1000,3.0,1.1700,0.0220,0.0536,3,6,14,13,7,10,8,11,12,15,2,4,9,1,0,5,
KeggDirected,1000,10,1000,3.0,1.1700,0.0220,0.0536,6,14,13,8,7,15,11,10,5,3,2,0,4,12,9,1,
grund-truth
KeggDirected,10,10,5000,2.5714285,1.0800,0.0087,0.0221,13,14,2,11,12,15,4,1,10,9,3,0,8,7,6,5,
KeggDirected,100,10,5000,2.5714285,1.0800,0.0087,0.0221,14,7,10,8,12,6,13,11,15,2,3,4,9,0,1,5,
KeggDirected,1000,10,5000,2.5714285,1.0800,0.0087,0.0221,14,6,7,8,10,11,13,15,2,4,0,12,1,5,9,3,
grund-truth
KeggDirected,10,10,10000,2.375,0.9360,0.0067,0.0145,14,13,2,15,11,3,1,0,4,8,7,12,9,10,6,5,
KeggDirected,100,10,10000,2.375,0.9360,0.0067,0.0145,14,12,7,13,8,10,11,15,6,3,2,0,4,9,1,5,
KeggDirected,1000,10,10000,2.375,0.9360,0.0067,0.0145,14,7,11,10,8,6,2,13,15,12,4,0,1,9,3,5,
grund-truth
KeggDirected,10,10,50000,2.4,0.5610,0.0031,0.0069,13,15,14,2,8,7,10,3,11,4,9,12,1,6,0,5,
KeggDirected,100,10,50000,2.4,0.5610,0.0031,0.0069,14,12,15,13,11,10,7,8,6,9,2,3,4,0,1,5,
KeggDirected,1000,10,50000,2.4,0.5610,0.0031,0.0069,14,11,10,7,8,12,13,6,2,15,9,4,0,1,3,5,
grund-truth
KeggDirected,10,20,1000,3.0,1.0800,0.0243,0.0554,14,11,9,13,12,2,3,10,7,8,4,1,6,15,0,5,
KeggDirected,100,20,1000,3.0,1.0800,0.0243,0.0554,10,14,7,8,6,3,2,13,9,15,4,11,1,0,12,5,
KeggDirected,1000,20,1000,3.0,1.0800,0.0243,0.0554,6,14,7,11,8,10,13,15,2,4,5,0,1,3,12,9,
grund-truth
KeggDirected,10,20,5000,2.2857144,1.0680,0.0089,0.0212,14,2,10,11,9,7,8,4,1,3,13,12,6,15,0,5,
KeggDirected,100,20,5000,2.2857144,1.0680,0.0089,0.0212,14,10,12,7,8,11,13,15,3,6,2,9,4,1,0,5,
KeggDirected,1000,20,5000,2.2857144,1.0680,0.0089,0.0212,14,10,7,8,11,6,13,2,4,15,12,1,9,0,3,5,
grund-truth
KeggDirected,10,20,10000,2.625,0.9540,0.0075,0.0175,14,13,8,9,11,7,3,2,10,4,1,12,15,6,0,5,
KeggDirected,100,20,10000,2.625,0.9540,0.0075,0.0175,14,12,10,7,11,8,15,13,3,2,6,9,4,1,0,5,
KeggDirected,1000,20,10000,2.625,0.9540,0.0075,0.0175,14,10,7,11,8,6,13,2,12,15,4,9,1,0,3,5,
grund-truth
KeggDirected,10,20,50000,2.6,0.3600,0.0019,0.0148,13,2,15,14,8,10,1,7,9,11,4,12,3,6,0,5,
KeggDirected,100,20,50000,2.6,0.3600,0.0019,0.0148,14,12,13,15,7,11,8,10,3,6,2,4,9,1,0,5,
KeggDirected,1000,20,50000,2.6,0.3600,0.0019,0.0148,14,10,11,12,7,8,13,15,2,6,9,4,1,0,3,5,
grund-truth
NYC,10,2,1000,1.8,1.4400,0.0152,0.0608,2,11,10,4,7,13,8,12,9,3,1,14,6,5,15,0,
NYC,100,2,1000,1.8,1.4400,0.0152,0.0608,6,3,14,10,7,11,8,13,12,2,4,9,1,15,5,0,
NYC,1000,2,1000,1.8,1.4400,0.0152,0.0608,13,6,5,11,7,15,10,14,8,4,3,0,2,12,1,9,
grund-truth
NYC,10,2,5000,1.7142857,1.3680,0.0028,0.0125,13,15,14,11,9,10,12,4,7,8,3,0,6,2,5,1,
NYC,100,2,5000,1.7142857,1.3680,0.0028,0.0125,14,13,10,15,12,11,7,8,2,9,6,4,3,0,1,5,
NYC,1000,2,5000,1.7142857,1.3680,0.0028,0.0125,6,14,7,10,8,11,13,2,15,0,4,12,1,9,5,3,
grund-truth
NYC,10,2,10000,1.625,1.5390,0.0016,0.0100,13,15,14,9,10,12,11,7,2,8,1,0,3,4,6,5,
NYC,100,2,10000,1.625,1.5390,0.0016,0.0100,14,13,7,10,8,12,15,11,2,6,9,4,3,1,0,5,
NYC,1000,2,10000,1.625,1.5390,0.0016,0.0100,14,7,6,11,10,8,13,2,0,15,12,1,4,9,5,3,
grund-truth
NYC,10,2,50000,1.8,1.5300,0.0004,0.0084,13,15,14,2,11,9,7,8,10,12,3,4,1,0,6,5,
NYC,100,2,50000,1.8,1.5300,0.0004,0.0084,14,13,15,12,11,10,7,8,2,9,6,4,1,3,0,5,
NYC,1000,2,50000,1.8,1.5300,0.0004,0.0084,14,11,10,7,8,13,12,6,2,15,9,0,4,1,5,3,
grund-truth
NYC,10,2,100000,1.7272727,1.4646,0.0002,0.0022,13,15,14,2,9,7,1,11,0,3,8,10,4,12,6,5,
NYC,100,2,100000,1.7272727,1.4646,0.0002,0.0022,14,13,15,12,11,10,7,2,8,9,4,6,1,3,0,5,
NYC,1000,2,100000,1.7272727,1.4646,0.0002,0.0022,14,11,10,7,12,8,13,6,2,15,9,0,4,1,3,5,
grund-truth
NYC,10,2,500000,1.6428572,1.0918,0.0001,0.0014,13,15,14,2,9,11,1,10,7,8,4,0,12,3,6,5,
NYC,100,2,500000,1.6428572,1.0918,0.0001,0.0014,13,14,15,12,10,11,7,8,2,9,6,4,1,0,3,5,
NYC,1000,2,500000,1.6428572,1.0918,0.0001,0.0014,14,11,7,10,13,8,12,6,2,15,0,9,1,4,3,5,
grund-truth
Spatial,10,2,1000,1.8,1.6200,0.0110,0.0152,15,14,13,11,12,7,10,8,3,9,6,4,0,2,1,5,
Spatial,100,2,1000,1.8,1.6200,0.0110,0.0152,6,3,7,8,13,12,14,2,10,11,4,5,0,1,15,9,
Spatial,1000,2,1000,1.8,1.6200,0.0110,0.0152,14,15,11,6,10,5,13,3,7,8,0,12,2,4,1,9,
grund-truth
Spatial,10,2,5000,2.0,1.6440,0.0095,0.0148,15,14,13,6,10,11,2,9,12,3,1,7,4,8,5,0,
Spatial,100,2,5000,2.0,1.6440,0.0095,0.0148,14,13,6,7,10,2,8,11,12,3,15,4,1,9,0,5,
Spatial,1000,2,5000,2.0,1.6440,0.0095,0.0148,6,14,8,7,10,11,13,2,4,1,15,0,12,9,5,3,
grund-truth
Spatial,10,2,10000,1.875,1.7100,0.0062,0.0106,13,14,15,2,0,6,3,1,11,7,10,4,8,9,12,5,
Spatial,100,2,10000,1.875,1.7100,0.0062,0.0106,14,11,7,10,6,8,12,2,13,3,0,15,4,9,1,5,
Spatial,1000,2,10000,1.875,1.7100,0.0062,0.0106,6,14,10,11,7,8,13,2,4,0,12,1,15,9,5,3,
grund-truth
Spatial,10,2,50000,2.1,1.5612,0.0048,0.0052,13,15,14,6,3,2,0,1,7,11,10,4,9,8,12,5,
Spatial,100,2,50000,2.1,1.5612,0.0048,0.0052,14,13,7,11,10,8,6,15,12,2,3,0,9,4,1,5,
Spatial,1000,2,50000,2.1,1.5612,0.0048,0.0052,14,7,11,10,8,6,13,12,2,0,15,4,1,9,5,3,
grund-truth
Spatial,10,2,100000,1.9090909,1.6038,0.0038,0.0035,13,15,14,9,10,11,6,2,3,12,0,1,7,8,4,5,
Spatial,100,2,100000,1.9090909,1.6038,0.0038,0.0035,14,13,7,11,15,10,8,6,12,2,3,0,9,4,1,5,
Spatial,1000,2,100000,1.9090909,1.6038,0.0038,0.0035,14,7,11,10,8,6,13,12,2,0,15,4,9,1,3,5,
grund-truth
Spatial,10,2,1000,1.8,1.6500,0.0109,0.0151,14,13,15,11,10,12,7,8,9,4,3,2,6,0,1,5,
Spatial,100,2,1000,1.8,1.6500,0.0109,0.0151,6,7,14,13,4,2,3,12,10,8,11,1,0,5,9,15,
Spatial,1000,2,1000,1.8,1.6500,0.0109,0.0151,11,8,10,15,14,6,5,13,7,0,3,12,9,2,4,1,
grund-truth
Spatial,10,2,5000,2.0,1.6500,0.0099,0.0152,14,13,15,6,4,2,8,0,7,11,1,3,12,9,10,5,
Spatial,100,2,5000,2.0,1.6500,0.0099,0.0152,14,7,6,8,13,10,11,12,3,2,15,0,4,1,9,5,
Spatial,1000,2,5000,2.0,1.6500,0.0099,0.0152,6,14,7,8,10,11,13,2,0,1,4,12,15,5,3,9,
grund-truth
Spatial,10,2,1000,1.8,1.6800,0.0107,0.0150,14,15,13,8,10,7,9,11,12,3,4,2,6,0,1,5,
Spatial,100,2,1000,1.8,1.6800,0.0107,0.0150,6,3,7,2,8,14,4,10,13,0,1,5,11,12,9,15,
Spatial,1000,2,1000,1.8,1.6800,0.0107,0.0150,6,14,15,11,5,13,0,3,7,8,12,10,2,4,1,9,
grund-truth
Spatial,10,2,1000,2.0,1.6500,0.0108,0.0151,15,14,13,10,8,11,7,9,12,3,2,6,5,4,1,0,
Spatial,100,2,1000,2.0,1.6500,0.0108,0.0151,7,9,8,6,14,10,2,4,3,13,12,1,11,15,0,5,
Spatial,1000,2,1000,2.0,1.6500,0.0108,0.0151,10,15,9,14,6,5,13,12,8,7,1,0,2,3,11,4,
grund-truth
Spatial,10,2,1000,1.8,1.6500,0.0108,0.0151,15,14,13,11,7,12,10,8,3,9,5,2,6,4,0,1,
Spatial,100,2,1000,1.8,1.6500,0.0108,0.0151,6,7,8,9,14,3,4,10,13,12,0,2,1,5,15,11,
Spatial,1000,2,1000,1.8,1.6500,0.0108,0.0151,6,5,15,14,13,10,0,7,8,3,12,11,9,2,4,1,
grund-truth
Spatial,10,2,1000,2.0,1.6500,0.0109,0.0151,13,15,14,10,11,8,7,3,9,2,12,6,4,5,0,1,
Spatial,100,2,1000,2.0,1.6500,0.0109,0.0151,7,8,14,6,9,3,12,2,13,4,10,0,1,11,5,15,
Spatial,1000,2,1000,2.0,1.6500,0.0109,0.0151,6,13,15,14,5,10,7,8,0,9,3,2,4,12,1,11,
grund-truth
Spatial,10,2,1000,2.0,1.6800,0.0107,0.0150,14,15,13,10,8,5,7,11,2,3,6,9,4,1,0,12,
Spatial,100,2,1000,2.0,1.6800,0.0107,0.0150,8,9,7,6,2,10,13,3,14,12,4,11,1,0,15,5,
Spatial,1000,2,1000,2.0,1.6800,0.0107,0.0150,6,5,13,15,8,7,14,3,10,9,0,12,2,4,1,11,
grund-truth
Spatial,10,2,1000,1.8,1.6500,0.0108,0.0151,14,13,15,10,8,7,3,0,2,9,6,5,1,4,12,11,
Spatial,100,2,1000,1.8,1.6500,0.0108,0.0151,6,8,3,7,4,9,2,5,10,0,1,12,13,14,15,11,
Spatial,1000,2,1000,1.8,1.6500,0.0108,0.0151,10,9,6,13,0,3,5,7,14,12,8,15,11,2,4,1,
grund-truth
Spatial,10,2,1000,1.8,1.6800,0.0104,0.0150,15,13,14,7,8,11,10,9,12,3,0,2,1,4,5,6,
Spatial,100,2,1000,1.8,1.6800,0.0104,0.0150,6,2,8,7,3,13,4,12,0,1,10,9,14,5,11,15,
Spatial,1000,2,1000,1.8,1.6800,0.0104,0.0150,10,7,8,9,6,13,4,0,3,15,5,12,11,14,2,1,
grund-truth
Spatial,10,2,1000,1.8,1.6800,0.0104,0.0150,13,14,15,10,11,3,8,7,9,0,2,4,1,12,5,6,
Spatial,100,2,1000,1.8,1.6800,0.0104,0.0150,6,7,4,8,14,12,9,13,2,3,10,1,5,0,11,15,
Spatial,1000,2,1000,1.8,1.6800,0.0104,0.0150,13,6,14,15,5,0,3,10,8,7,9,12,4,2,1,11,
grund-truth
Spatial,10,2,1000,2.0,1.6200,0.0110,0.0153,15,13,14,10,9,11,12,7,8,3,4,6,2,5,0,1,
Spatial,100,2,1000,2.0,1.6200,0.0110,0.0153,9,7,8,6,3,2,10,13,4,14,1,12,0,5,11,15,
Spatial,1000,2,1000,2.0,1.6200,0.0110,0.0153,10,7,8,9,6,5,13,0,3,12,15,14,11,2,4,1,
grund-truth
Spatial,10,2,1000,1.8,1.6200,0.0110,0.0152,13,15,14,10,11,8,7,9,3,12,2,5,0,4,6,1,
Spatial,100,2,1000,1.8,1.6200,0.0110,0.0152,7,8,9,6,14,3,12,10,4,2,1,11,5,13,0,15,
Spatial,1000,2,1000,1.8,1.6200,0.0110,0.0152,6,5,13,3,10,7,9,0,8,12,2,15,14,1,4,11,
grund-truth
Spatial,10,2,1000,1.8,1.6800,0.0104,0.0150,13,14,15,10,11,5,3,8,7,6,2,4,1,9,0,12,
Spatial,100,2,1000,1.8,1.6800,0.0104,0.0150,6,7,3,2,9,4,8,10,13,14,1,12,0,5,11,15,
Spatial,1000,2,1000,1.8,1.6800,0.0104,0.0150,13,6,8,7,10,15,14,9,4,5,2,3,0,12,1,11,
grund-truth
Spatial,10,2,1000,2.0,1.6500,0.0108,0.0151,14,15,13,10,11,7,12,8,3,9,2,4,6,0,1,5,
Spatial,100,2,1000,2.0,1.6500,0.0108,0.0151,3,8,6,7,9,2,4,10,14,13,1,12,5,11,0,15,
Spatial,1000,2,1000,2.0,1.6500,0.0108,0.0151,14,15,6,5,13,10,0,12,8,7,3,9,11,2,4,1,
grund-truth
USCensus,10,2,1000,2.0,1.0800,0.0423,0.0685,14,13,15,8,9,7,11,12,10,3,2,6,4,0,1,5,
USCensus,100,2,1000,2.0,1.0800,0.0423,0.0685,13,6,7,15,14,5,8,3,2,0,4,10,9,1,12,11,
USCensus,1000,2,1000,2.0,1.0800,0.0423,0.0685,6,14,15,13,9,10,5,12,0,8,7,2,3,11,4,1,
grund-truth
USCensus,10,2,5000,1.8571428,0.3060,0.0218,0.0648,15,13,14,7,11,10,2,8,6,9,4,12,1,3,5,0,
USCensus,100,2,5000,1.8571428,0.3060,0.0218,0.0648,15,14,13,6,10,7,8,9,3,12,2,11,4,5,1,0,
USCensus,1000,2,5000,1.8571428,0.3060,0.0218,0.0648,13,15,14,6,9,7,10,8,5,2,12,0,11,4,3,1,
grund-truth
USCensus,10,2,10000,1.75,0.1770,0.0249,0.0493,13,14,15,2,6,11,0,10,9,1,7,12,8,3,4,5,
USCensus,100,2,10000,1.75,0.1770,0.0249,0.0493,13,14,15,6,7,10,8,9,0,2,5,4,3,11,12,1,
USCensus,1000,2,10000,1.75,0.1770,0.0249,0.0493,13,15,14,6,9,0,7,10,8,12,5,4,2,11,1,3,
grund-truth
USCensus,10,2,50000,1.6,0.0528,0.0050,0.0207,13,15,14,2,6,3,11,7,4,10,9,8,0,12,1,5,
USCensus,100,2,50000,1.6,0.0528,0.0050,0.0207,13,15,14,6,10,7,8,9,12,2,11,3,0,4,5,1,
USCensus,1000,2,50000,1.6,0.0528,0.0050,0.0207,13,15,14,6,0,9,7,10,8,12,5,2,4,11,1,3,
grund-truth
USCensus,10,2,100000,1.5454545,0.0267,0.0049,0.0209,13,14,15,6,7,11,3,10,9,2,8,0,12,1,4,5,
USCensus,100,2,100000,1.5454545,0.0267,0.0049,0.0209,13,14,15,6,7,10,8,0,9,3,12,2,5,4,11,1,
USCensus,1000,2,100000,1.5454545,0.0267,0.0049,0.0209,13,14,15,6,0,9,7,10,8,12,2,5,11,4,1,3,
grund-truth
USCensus,10,2,500000,1.3571428,0.0058,0.0000,0.0000,13,14,15,6,2,11,10,7,8,9,3,1,4,12,0,5,
USCensus,100,2,500000,1.3571428,0.0058,0.0000,0.0000,13,15,14,6,10,7,8,9,12,3,2,0,11,4,1,5,
USCensus,1000,2,500000,1.3571428,0.0058,0.0000,0.0000,13,14,15,6,0,7,10,8,12,9,2,4,11,1,5,3,
grund-truth
USCensus,10,2,1000000,1.3333334,0.0029,0.0000,0.0000,13,14,15,11,0,6,2,12,3,10,7,1,8,4,9,5,
USCensus,100,2,1000000,1.3333334,0.0029,0.0000,0.0000,13,14,15,6,10,7,9,8,12,0,3,2,4,11,1,5,
USCensus,1000,2,1000000,1.3333334,0.0029,0.0000,0.0000,13,14,15,6,0,7,9,10,8,12,2,11,4,1,5,3,
grund-truth
USCensus,10,10,1000,2.4,1.7700,0.1897,0.1427,6,3,11,14,0,2,13,1,8,4,10,7,12,9,15,5,
USCensus,100,10,1000,2.4,1.7700,0.1897,0.1427,6,7,9,3,2,4,0,8,13,10,1,14,11,5,12,15,
USCensus,1000,10,1000,2.4,1.7700,0.1897,0.1427,6,13,10,7,8,14,9,15,0,2,5,4,1,3,12,11,
grund-truth
USCensus,10,10,5000,2.2857144,1.3680,0.1429,0.1030,2,3,0,8,9,7,14,10,13,1,11,6,4,12,5,15,
USCensus,100,10,5000,2.2857144,1.3680,0.1429,0.1030,7,14,6,9,10,3,8,13,2,12,0,4,1,15,11,5,
USCensus,1000,10,5000,2.2857144,1.3680,0.1429,0.1030,6,10,7,8,14,13,9,2,4,0,1,15,12,5,11,3,
grund-truth
USCensus,10,10,10000,2.375,1.2690,0.1183,0.0949,3,6,2,8,7,11,1,10,0,14,4,13,9,12,5,15,
USCensus,100,10,10000,2.375,1.2690,0.1183,0.0949,7,6,9,10,8,14,13,3,2,12,0,1,4,11,15,5,
USCensus,1000,10,10000,2.375,1.2690,0.1183,0.0949,7,6,8,10,9,14,13,2,4,1,12,0,15,11,3,5,
grund-truth
USCensus,10,10,50000,2.0,0.8406,0.0859,0.0743,13,14,2,10,11,3,9,7,8,1,0,6,4,15,12,5,
USCensus,100,10,50000,2.0,0.8406,0.0859,0.0743,14,7,10,13,9,8,12,6,2,3,15,11,0,4,1,5,
USCensus,1000,10,50000,2.0,0.8406,0.0859,0.0743,7,10,9,8,14,13,6,2,12,4,1,0,11,15,3,5,
grund-truth
USCensus,10,10,100000,1.9090909,0.6774,0.0789,0.0706,13,14,2,3,11,10,6,0,1,9,7,8,4,12,15,5,
USCensus,100,10,100000,1.9090909,0.6774,0.0789,0.0706,14,7,10,13,8,6,9,12,2,3,11,15,0,4,1,5,
USCensus,1000,10,100000,1.9090909,0.6774,0.0789,0.0706,14,7,10,9,8,13,2,12,6,4,11,1,0,15,3,5,
grund-truth
USCensus,10,10,500000,1.7142857,0.3895,0.0583,0.0587,13,14,3,2,15,6,1,7,4,10,11,8,0,9,12,5,
USCensus,100,10,500000,1.7142857,0.3895,0.0583,0.0587,14,7,13,10,9,8,6,12,2,15,3,11,4,0,1,5,
USCensus,1000,10,500000,1.7142857,0.3895,0.0583,0.0587,14,7,10,8,9,13,2,12,6,4,11,1,15,0,3,5,
grund-truth
USCensus,10,10,1000000,1.6,0.3090,0.0515,0.0560,13,14,15,3,2,6,7,10,11,0,1,8,9,4,12,5,
USCensus,100,10,1000000,1.6,0.3090,0.0515,0.0560,14,13,10,7,8,9,15,6,12,2,3,11,4,0,1,5,
USCensus,1000,10,1000000,1.6,0.3090,0.0515,0.0560,14,7,13,10,9,8,2,12,6,15,4,11,1,0,3,5,
grund-truth
USCensus,10,20,1000,2.8,1.8900,0.3060,0.1862,6,3,11,2,0,14,7,4,10,9,8,1,12,13,15,5,
USCensus,100,20,1000,2.8,1.8900,0.3060,0.1862,7,6,8,9,3,2,13,10,4,14,11,1,12,0,15,5,
USCensus,1000,20,1000,2.8,1.8900,0.3060,0.1862,6,13,8,7,15,14,9,10,2,4,5,0,3,1,12,11,
grund-truth
USCensus,10,20,5000,2.2857144,1.4100,0.2151,0.1266,3,0,6,8,7,1,9,2,4,11,10,13,14,12,15,5,
USCensus,100,20,5000,2.2857144,1.4100,0.2151,0.1266,7,9,6,8,10,14,3,2,12,11,4,13,0,1,15,5,
USCensus,1000,20,5000,2.2857144,1.4100,0.2151,0.1266,7,9,6,8,10,14,2,13,1,4,0,12,11,3,15,5,
grund-truth
USCensus,10,20,10000,2.375,1.3230,0.1852,0.1054,6,3,0,11,2,10,1,7,4,13,14,8,12,9,15,5,
USCensus,100,20,10000,2.375,1.3230,0.1852,0.1054,7,8,10,9,14,3,2,6,12,11,4,13,0,1,15,5,
USCensus,1000,20,10000,2.375,1.3230,0.1852,0.1054,7,9,14,10,8,6,13,2,12,4,1,0,11,15,3,5,
grund-truth
USCensus,10,20,50000,2.3,0.9822,0.1610,0.0827,6,3,2,0,1,7,10,11,4,14,8,9,13,12,15,5,
USCensus,100,20,50000,2.3,0.9822,0.1610,0.0827,7,10,8,9,14,2,6,12,3,11,13,4,0,1,15,5,
USCensus,1000,20,50000,2.3,0.9822,0.1610,0.0827,7,10,9,8,14,2,12,6,13,4,11,1,0,3,15,5,
grund-truth
USCensus,10,20,100000,2.3636363,0.8547,0.1493,0.0809,6,3,2,7,10,11,1,8,4,0,9,13,14,12,15,5,
USCensus,100,20,100000,2.3636363,0.8547,0.1493,0.0809,7,10,8,9,14,6,2,12,3,11,13,4,1,0,15,5,
USCensus,1000,20,100000,2.3636363,0.8547,0.1493,0.0809,7,10,9,8,14,2,12,6,13,11,4,1,0,15,3,5,
grund-truth
USCensus,10,20,500000,2.0714285,0.4913,0.1254,0.0651,3,2,10,6,4,7,1,11,0,8,9,12,14,13,15,5,
USCensus,100,20,500000,2.0714285,0.4913,0.1254,0.0651,7,10,8,9,14,6,12,2,3,11,4,13,1,0,15,5,
USCensus,1000,20,500000,2.0714285,0.4913,0.1254,0.0651,10,7,9,8,14,12,2,6,4,13,11,1,0,3,15,5,
grund-truth
USCensus,10,20,1000000,2.0666666,0.5391,0.1114,0.0592,2,6,7,3,1,10,11,0,4,8,9,14,13,12,15,5,
USCensus,100,20,1000000,2.0666666,0.5391,0.1114,0.0592,7,10,8,9,14,6,3,2,12,13,11,4,1,0,15,5,
USCensus,1000,20,1000000,2.0666666,0.5391,0.1114,0.0592,10,7,9,14,8,2,12,6,13,1,11,4,0,3,15,5,
grund-truth
USCensus,10,30,1000,2.8,1.8900,0.3403,0.1778,3,6,11,2,9,10,0,7,1,14,8,4,12,13,15,5,
USCensus,100,30,1000,2.8,1.8900,0.3403,0.1778,7,3,9,8,13,6,2,14,4,11,1,12,0,10,15,5,
USCensus,1000,30,1000,2.8,1.8900,0.3403,0.1778,6,13,7,10,8,9,14,15,2,5,4,0,3,1,12,11,
grund-truth
USCensus,10,30,5000,2.2857144,1.5000,0.2706,0.1312,3,6,11,10,0,4,1,9,8,7,14,12,13,2,5,15,
USCensus,100,30,5000,2.2857144,1.5000,0.2706,0.1312,7,9,8,3,2,10,6,11,12,4,14,1,13,0,15,5,
USCensus,1000,30,5000,2.2857144,1.5000,0.2706,0.1312,7,9,8,10,6,14,2,13,4,1,3,0,12,11,15,5,
grund-truth
USCensus,10,30,10000,2.375,1.3890,0.2340,0.1148,3,6,2,0,7,11,1,9,4,10,8,14,12,13,15,5,
USCensus,100,30,10000,2.375,1.3890,0.2340,0.1148,7,9,8,3,10,2,14,6,12,11,4,1,13,0,15,5,
USCensus,1000,30,10000,2.375,1.3890,0.2340,0.1148,7,9,10,8,14,2,6,13,12,4,1,11,0,3,15,5,
grund-truth
USCensus,10,30,50000,2.7,0.9576,0.2028,0.0908,2,6,1,3,10,11,7,8,9,0,4,13,14,12,15,5,
USCensus,100,30,50000,2.7,0.9576,0.2028,0.0908,7,10,8,9,3,14,2,12,6,11,4,1,13,0,15,5,
USCensus,1000,30,50000,2.7,0.9576,0.2028,0.0908,7,10,8,9,14,2,12,6,4,11,1,13,0,3,15,5,
grund-truth
USCensus,10,30,100000,2.3636363,0.8796,0.1870,0.0860,3,6,2,7,0,10,11,1,8,4,9,13,14,12,15,5,
USCensus,100,30,100000,2.3636363,0.8796,0.1870,0.0860,7,10,8,14,9,3,2,12,6,11,13,4,1,0,15,5,
USCensus,1000,30,100000,2.3636363,0.8796,0.1870,0.0860,7,10,8,9,14,2,12,6,4,1,11,13,0,3,15,5,
grund-truth
USCensus,10,30,500000,2.2142856,0.6814,0.1485,0.0663,3,6,2,10,7,1,11,4,8,9,0,14,12,13,15,5,
USCensus,100,30,500000,2.2142856,0.6814,0.1485,0.0663,10,7,8,9,3,14,2,12,6,11,4,1,13,0,15,5,
USCensus,1000,30,500000,2.2142856,0.6814,0.1485,0.0663,7,10,9,8,14,2,12,11,1,6,4,13,0,3,15,5,
grund-truth
USCensus,10,30,1000000,2.0666666,0.6140,0.1422,0.0624,2,3,7,10,1,11,4,6,8,0,9,12,14,13,15,5,
USCensus,100,30,1000000,2.0666666,0.6140,0.1422,0.0624,10,7,8,9,14,3,2,12,6,11,4,13,1,0,15,5,
USCensus,1000,30,1000000,2.0666666,0.6140,0.1422,0.0624,7,10,9,8,14,2,12,4,11,1,6,13,0,3,15,5,
grund-truth
USCensus,10,40,1000,2.2,1.7100,0.3630,0.1948,6,3,11,2,7,10,4,8,14,12,9,1,13,0,5,15,
USCensus,100,40,1000,2.2,1.7100,0.3630,0.1948,3,7,9,8,2,6,4,1,13,10,11,14,0,12,15,5,
USCensus,1000,40,1000,2.2,1.7100,0.3630,0.1948,6,13,10,7,8,9,15,14,4,2,5,3,0,1,12,11,
grund-truth
USCensus,10,40,5000,2.4285715,1.4160,0.2785,0.1174,3,6,2,0,11,10,1,4,9,7,8,14,12,13,15,5,
USCensus,100,40,5000,2.4285715,1.4160,0.2785,0.1174,7,8,9,3,2,10,14,6,12,11,1,4,0,13,15,5,
USCensus,1000,40,5000,2.4285715,1.4160,0.2785,0.1174,7,9,8,10,14,2,6,4,1,13,3,0,12,11,15,5,
grund-truth
USCensus,10,40,10000,2.75,1.3890,0.2498,0.1164,3,6,14,11,7,2,10,9,8,13,4,12,0,1,15,5,
USCensus,100,40,10000,2.75,1.3890,0.2498,0.1164,7,3,9,10,8,2,14,12,6,11,4,1,13,0,15,5,
USCensus,1000,40,10000,2.75,1.3890,0.2498,0.1164,7,9,8,10,14,2,6,4,1,13,3,12,0,11,15,5,
grund-truth
USCensus,10,40,50000,2.4,1.0242,0.2232,0.0991,3,2,6,11,10,1,7,8,4,9,14,0,12,13,15,5,
USCensus,100,40,50000,2.4,1.0242,0.2232,0.0991,7,10,3,9,8,2,12,14,6,11,4,1,0,13,15,5,
USCensus,1000,40,50000,2.4,1.0242,0.2232,0.0991,7,10,9,8,14,2,12,4,11,1,6,13,3,0,15,5,
grund-truth
USCensus,10,40,100000,2.5454545,0.9684,0.2086,0.0836,6,3,10,11,7,2,9,8,4,1,12,14,0,13,15,5,
USCensus,100,40,100000,2.5454545,0.9684,0.2086,0.0836,7,10,8,9,3,14,12,2,11,6,4,1,13,0,15,5,
USCensus,1000,40,100000,2.5454545,0.9684,0.2086,0.0836,7,10,9,8,14,12,2,11,4,1,6,13,0,3,15,5,
grund-truth
Spatial,10,2,1000,2.0,1.6500,0.0109,0.0151,13,10,8,9,11,7,3,2,1,6,0,12,5,4,14,15,
Spatial,100,2,1000,2.0,1.6500,0.0109,0.0151,8,6,7,3,9,4,10,14,2,1,5,11,12,13,0,15,
Spatial,1000,2,1000,2.0,1.6500,0.0109,0.0151,6,5,10,8,7,9,15,13,4,14,0,3,2,11,12,1,
grund-truth
Spatial,10,2,5000,2.0,1.6440,0.0096,0.0148,13,6,2,4,11,3,10,1,8,9,7,12,5,0,14,15,
Spatial,100,2,5000,2.0,1.6440,0.0096,0.0148,6,7,8,14,2,9,3,10,4,12,1,11,15,13,5,0,
Spatial,1000,2,5000,2.0,1.6440,0.0096,0.0148,6,7,9,8,10,14,2,13,1,4,12,11,0,3,15,5,
grund-truth
Spatial,10,2,1000,2.0,1.6500,0.0109,0.0151,13,10,7,11,12,8,9,3,5,2,6,4,0,1,14,15,
Spatial,100,2,1000,2.0,1.6500,0.0109,0.0151,6,14,8,7,9,3,4,10,2,13,12,0,11,1,5,15,
Spatial,1000,2,1000,2.0,1.6500,0.0109,0.0151,13,6,5,0,8,10,7,9,3,2,12,4,1,11,14,15,
grund-truth
Spatial,10,2,1000,1.8,1.5900,0.0112,0.0154,13,10,9,7,8,12,11,2,4,3,0,6,1,5,14,15,
Spatial,100,2,1000,1.8,1.5900,0.0112,0.0154,6,3,13,2,7,4,8,9,14,12,10,1,0,5,11,15,
Spatial,1000,2,1000,1.8,1.5900,0.0112,0.0154,10,7,9,8,6,5,13,15,14,12,0,3,11,2,4,1,
grund-truth
Spatial,10,2,1000,1.8,1.6800,0.0104,0.0151,13,10,12,8,9,11,3,7,2,4,6,0,1,5,14,15,
Spatial,100,2,1000,1.8,1.6800,0.0104,0.0151,13,12,7,9,2,8,3,6,10,4,1,0,11,5,14,15,
Spatial,1000,2,1000,1.8,1.6800,0.0104,0.0151,6,10,7,9,8,13,15,14,4,3,0,5,2,12,11,1,
grund-truth
Spatial,10,2,1000,2.0,1.6500,0.0108,0.0151,13,15,14,11,7,12,10,8,9,5,3,6,2,4,0,1,
Spatial,100,2,1000,2.0,1.6500,0.0108,0.0151,7,8,6,9,2,3,4,10,1,0,12,11,5,13,14,15,
Spatial,1000,2,1000,2.0,1.6500,0.0108,0.0151,6,5,13,8,12,10,7,0,9,3,2,11,4,1,14,15,
grund-truth
Spatial,10,2,1000,2.0,1.6200,0.0111,0.0153,13,15,14,8,9,11,10,12,3,4,7,5,2,0,6,1,
Spatial,100,2,1000,2.0,1.6200,0.0111,0.0153,7,6,8,13,3,2,9,10,12,4,0,1,5,11,14,15,
Spatial,1000,2,1000,2.0,1.6200,0.0111,0.0153,6,5,13,0,8,3,7,10,12,9,2,4,1,11,14,15,
grund-truth
10,2,1000,9,1.6800,0.0104,0.0151,14
100,2,1000,9,1.6800,0.0104,0.0151,14
1000,2,1000,9,1.6800,0.0104,0.0151,6
